2024-04-18 21:22:36,phamvu,12,54,13,65,13,76,25,76,24,76,1000000,77559,22449,49463,06284,76514,67624,98336,70000000,9000000
2024-04-18 21:23:02,phamvu,12,54,13,65,13,76,25,76,24,76,16100000,26264,60304,38191,92654,62605,99659,21060,1127000000,144900000
2024-04-18 21:24:23,phamvu,12,54,13,65,13,76,25,76,24,76,100000000,51255,02465,54549,10088,60274,07777,83266,7000000000,900000000
2024-04-18 21:24:53,phamvu,12,54,13,65,13,76,25,76,24,76,724300000,35442,88912,99193,37323,31428,94508,91653,50701000000,6518700000
2024-04-18 21:26:05,phamvu,12,54,13,65,13,76,25,76,24,76,1000000000,07979,96991,06708,83676,52285,27329,70184,210000000000,7000000000
2024-04-18 21:26:55,phamvu,12,54,13,65,13,76,25,76,24,76,25442500000,10100,85591,36163,97313,25655,70476,43893,8904875000000,127212500000
2024-04-18 21:27:34,phamvu,12,54,13,65,13,76,25,76,24,76,92500000000,19816,37494,09540,70551,79330,17985,00955,0,925000000000
2024-04-18 21:27:48,phamvu,12,54,13,65,13,76,25,76,24,76,810708790000,04260,79633,07463,55367,90051,55219,36492,0,8107087900000
2024-04-18 21:30:43,phamvu,13,65,5000000,33654,95842,90599,81436,64342,07040,78119,0,10000000
2024-04-18 21:37:32,phamvu,14,15,500000,72127,24536,08831,66393,74080,84512,52660,0,1000000
2024-04-18 21:39:09,phamvu,12,43,500000,59105,98579,79738,89800,37140,91700,95395,0,1000000
2024-04-18 21:39:32,phamvu,31,1000000,99037,65650,38707,80661,98329,90418,45056,0,1000000
2024-04-18 21:41:38,phamvu,12,1000000,67158,25728,20030,69239,11646,24052,92389,0,1000000
