2024-04-18 21:22:36,phamvu,12,54,13,65,13,76,25,76,24,76,1000000,77559,22449,49463,06284,76514,67624,98336,70000000,9000000
2024-04-18 21:23:02,phamvu,12,54,13,65,13,76,25,76,24,76,16100000,26264,60304,38191,92654,62605,99659,21060,1127000000,144900000
2024-04-18 21:24:23,phamvu,12,54,13,65,13,76,25,76,24,76,100000000,51255,02465,54549,10088,60274,07777,83266,7000000000,900000000
2024-04-18 21:24:53,phamvu,12,54,13,65,13,76,25,76,24,76,724300000,35442,88912,99193,37323,31428,94508,91653,50701000000,6518700000
2024-04-18 21:26:05,phamvu,12,54,13,65,13,76,25,76,24,76,1000000000,07979,96991,06708,83676,52285,27329,70184,210000000000,7000000000
2024-04-18 21:26:55,phamvu,12,54,13,65,13,76,25,76,24,76,25442500000,10100,85591,36163,97313,25655,70476,43893,8904875000000,127212500000
2024-04-18 21:27:34,phamvu,12,54,13,65,13,76,25,76,24,76,92500000000,19816,37494,09540,70551,79330,17985,00955,0,925000000000
2024-04-18 21:27:48,phamvu,12,54,13,65,13,76,25,76,24,76,810708790000,04260,79633,07463,55367,90051,55219,36492,0,8107087900000
2024-04-18 21:30:43,phamvu,13,65,5000000,33654,95842,90599,81436,64342,07040,78119,0,10000000
2024-04-18 21:37:32,phamvu,14,15,500000,72127,24536,08831,66393,74080,84512,52660,0,1000000
2024-04-18 21:39:09,phamvu,12,43,500000,59105,98579,79738,89800,37140,91700,95395,0,1000000
2024-04-18 21:39:32,phamvu,31,1000000,99037,65650,38707,80661,98329,90418,45056,0,1000000
2024-04-18 21:41:38,phamvu,12,1000000,67158,25728,20030,69239,11646,24052,92389,0,1000000
2024-04-18 21:43:15,phamvu,13,54,500000,26173,18408,86879,38254,64040,85556,91749,35000000,500000
2024-04-18 21:43:32,phamvu,13,54,3550000,63542,39729,96992,36483,11333,91529,64468,0,7100000
2024-04-18 21:43:50,phamvu,13,54,2800000,18795,11933,95102,46700,35944,03449,59675,0,5600000
2024-04-18 21:44:18,phamvu,13,54,11400000,30645,90410,06594,75554,62860,92132,01710,798000000,11400000
2024-04-18 21:44:44,phamvu,13,54,13,54,13,54,13,54,13,54,80940000,20690,46262,66831,22273,98055,50635,54566,0,809400000
2024-04-18 21:47:57,phamvu,13,1000000,17274,79543,38708,74310,56098,87162,81599,0,1000000
2024-04-18 21:51:22,phamvu,12,1000000,55044,64900,24294,23840,43000,00159,07222,0,1000000
2024-04-18 21:56:16,phamvu,12,1000000,01503,82665,84643,22744,88867,72343,92163,0,1000000
2024-04-18 21:57:12,phamvu,12,1,31469,29958,60307,31861,24174,40658,95418,0,1
2024-04-18 21:57:31,phamvu,12,100000,89252,79739,90479,44670,66929,70906,36262,0,100000
2024-04-18 21:57:41,phamvu,12,899999,91266,24598,03420,56343,43954,05021,02060,0,899999
2024-04-18 22:00:22,phamvu,12,1000000,44089,47658,17929,02177,44907,52715,70701,0,1000000
2024-04-18 22:02:00,phamvu,12,1000000,39552,41541,43964,70568,01583,93529,56935,0,1000000
2024-04-18 22:03:22,phamvu,12,1000000,37611,15954,73888,66481,55895,32416,79215,0,1000000
2024-04-18 22:03:38,phamvu,13,43,500000,03567,83275,17783,80259,73749,01031,15958,0,1000000
